{
 "cells": [
  {
   "cell_type": "markdown",
   "id": "8f1ed799-7372-457b-b69a-5c2d10f5d879",
   "metadata": {},
   "source": [
    "# Functions for processing brain scans"
   ]
  },
  {
   "cell_type": "code",
   "execution_count": 14,
   "id": "102e7926-730c-4f53-bc01-eb69b1115e2c",
   "metadata": {},
   "outputs": [],
   "source": [
    "# Projection code sharing\n",
    "import numpy as np\n",
    "import matplotlib.pyplot as plt\n",
    "import open3d as o3d\n",
    "import nibabel as nib\n",
    "from scipy.interpolate import RegularGridInterpolator as rgi\n",
    "\n",
    "\n",
    "def get_labels(annotations_path):\n",
    "    \"\"\"\n",
    "    Obtains Labels associated with vertices of the annotations file\n",
    "\n",
    "    Parameters:\n",
    "    - path: Anotations file path\n",
    "\n",
    "    Returns:\n",
    "    - labels: list of labels for each vertex\n",
    "    \"\"\"\n",
    "    annot_data = nib.freesurfer.io.read_annot(annotations_path)\n",
    "    labels = annot_data[0]\n",
    "    return labels\n",
    "\n",
    "\n",
    "def compute_extmat(mesh):\n",
    "    \"\"\"\n",
    "    Compute the external transformation matrix (extmat) for a 3D mesh.\n",
    "\n",
    "    This function calculates the external transformation matrix `extmat` for\n",
    "    a 3D mesh, which can be used for various transformations such as centering\n",
    "    and scaling the mesh.\n",
    "\n",
    "    Parameters:\n",
    "    - mesh (o3d.t.geometry.TriangleMesh): The 3D triangle mesh to compute the\n",
    "      external transformation matrix for.\n",
    "\n",
    "    Returns:\n",
    "    - extmat (numpy.ndarray): A 4x4 transformation matrix represented as a\n",
    "      NumPy array.\n",
    "    \"\"\"\n",
    "    # Calculate the minimum and maximum corners of the mesh's bounding box.\n",
    "    corner1 = np.min(mesh.vertex.positions.numpy(), axis=0)\n",
    "    corner2 = np.max(mesh.vertex.positions.numpy(), axis=0)\n",
    "\n",
    "    # Calculate the midpoint of the bounding box.\n",
    "    midpoint = (corner1 + corner2) / 2\n",
    "\n",
    "    # Create an identity 4x4 transformation matrix.\n",
    "    extmat = np.eye(4)\n",
    "\n",
    "    # Modify the diagonal elements and the last column of the matrix.\n",
    "    np.fill_diagonal(extmat, [-1, 1, 1, 1])\n",
    "    extmat[:,-1] = [-midpoint[0], -midpoint[1], -7.5 * corner1[2], 1]\n",
    "\n",
    "\n",
    "    return extmat\n",
    "\n",
    "def compute_intmat(img_width, img_height):\n",
    "    \"\"\"\n",
    "    Compute the intrinsic matrix (intmat) for a camera with given image dimensions.\n",
    "\n",
    "    Parameters:\n",
    "    - img_width (int): The width of the camera image in pixels.\n",
    "    - img_height (int): The height of the camera image in pixels.\n",
    "\n",
    "    Returns:\n",
    "    - intmat (numpy.ndarray): A 3x3 intrinsic matrix represented as a NumPy array.\n",
    "    \"\"\"\n",
    "    # Create an identity 3x3 intrinsic matrix\n",
    "    intmat = np.eye(3)\n",
    "\n",
    "    # Fill the diagonal elements with appropriate values\n",
    "    np.fill_diagonal(intmat, [-(img_width + img_height) / 1, -(img_width + img_height) / 1, 1])\n",
    "\n",
    "    # Set the last column of the matrix for image centering\n",
    "    intmat[:,-1] = [img_width / 2, img_height / 2, 1]\n",
    "\n",
    "    return intmat\n",
    "\n",
    "def create_mesh(mesh_path, perturb_vertices = True, std_dev = 0.1):\n",
    "    \"\"\"\n",
    "    Create a 3D triangle mesh from a FreeSurfer surface file.\n",
    "\n",
    "    This function reads a FreeSurfer surface file from the specified `mesh_path`,\n",
    "    processes the vertex and face data, and constructs a 3D triangle mesh.\n",
    "\n",
    "    Parameters:\n",
    "    - mesh_path (str): The path to the FreeSurfer surface file to be processed.\n",
    "\n",
    "    Returns:\n",
    "    - mesh (o3d.t.geometry.TriangleMesh): A 3D triangle mesh representation of\n",
    "      the input FreeSurfer surface.\n",
    "\n",
    "    Dependencies: nibabel (nib), numpy (np), open3d (o3d)\n",
    "    \"\"\"\n",
    "    # Read the FreeSurfer surface file and retrieve vertices, faces, and metadata.\n",
    "    vertices, faces, info = nib.freesurfer.read_geometry(mesh_path, read_metadata=True)\n",
    "\n",
    "    # Center the vertices around the origin.\n",
    "    vertices = vertices - np.mean(vertices, axis=0)\n",
    "\n",
    "    # Reorder the vertex columns for compatibility with open3d.\n",
    "    vertices = vertices[:, [2, 0, 1]]\n",
    "\n",
    "    # Create a 3D triangle mesh using open3d.\n",
    "    mesh = o3d.t.geometry.TriangleMesh(o3d.core.Tensor(np.float32(vertices)),\n",
    "                                       o3d.core.Tensor(np.int64(faces)))        \n",
    "    \n",
    "    # Compute vertex normals and triangle normals for the mesh.\n",
    "    mesh.compute_vertex_normals()\n",
    "    mesh.compute_triangle_normals()\n",
    "    return mesh\n",
    "\n",
    "def generate_maps(mesh, labels, intmat, extmat, img_width, img_height, rotation_matrices, recompute_normals):\n",
    "    \"\"\"\n",
    "    Generate the output map based on ray casting and mesh properties.\n",
    "    views are in this order ALWAYS = ['Front', 'Bottom', 'Top', 'Right', 'Back', 'Left']\n",
    "\n",
    "    Parameters:\n",
    "    - mesh (o3d.t.geometry.TriangleMesh): The 3D triangle mesh to cast rays onto.\n",
    "    - labels (numpy.ndarray): The labels associated with the vertices of the mesh.\n",
    "    - intmat (numpy.ndarray): A 3x3 intrinsic matrix for camera calibration.\n",
    "    - extmat (numpy.ndarray): A 4x4 external transformation matrix for camera pose.\n",
    "    - img_width (int): The width of the camera image in pixels.\n",
    "    - img_height (int): The height of the camera image in pixels.\n",
    "\n",
    "    Returns:\n",
    "    - output_maps(6, 1080, 1920, 3), labels_maps((6, 1080, 1920), ids_maps(6, 1080, 1920), vertex_maps(6, 1080, 1920,3)\n",
    "\n",
    "    Notes:\n",
    "    - This function performs ray casting on the provided mesh using the given\n",
    "      camera parameters and computes an output map based on the cast rays.\n",
    "\n",
    "    Example:\n",
    "    >>> mesh = create_mesh(\"example_mesh.surf\")\n",
    "    >>> labels = get_labels(annotations_path)\n",
    "    >>> intmat = compute_intmat(1920, 1080)\n",
    "    >>> extmat = compute_extmat(mesh)\n",
    "    >>> width = 1920\n",
    "    >>> height = 1080\n",
    "    >>> output_map, labels_map = generate_output_map(mesh, intmat, extmat, width, height)\n",
    "    >>> print(output_map)\n",
    "    >>> print(labels_map)\n",
    "\n",
    "    \"\"\"\n",
    "\n",
    "    # Validate parameters using assert statements\n",
    "    assert isinstance(mesh, o3d.t.geometry.TriangleMesh), \"mesh should be of type o3d.t.geometry.TriangleMesh\"\n",
    "    assert isinstance(labels, np.ndarray), \"labels should be a 1-D NumPy array\"\n",
    "    expected_shape = (mesh.vertex.normals.shape[0],)\n",
    "    assert labels.shape == expected_shape, f\"labels should have the shape {expected_shape} which is the number of vertices, but got {labels.shape}\"    \n",
    "    assert isinstance(intmat, np.ndarray) and intmat.shape == (3, 3), \"intmat should be a 3x3 NumPy array\"\n",
    "    assert isinstance(extmat, np.ndarray) and (extmat.shape == (1, 4, 4) or extmat.shape == (6, 4, 4)), \"extmat should be a 4x4 or 6x4x4 NumPy array\"\n",
    "    assert isinstance(img_width, int) and img_width > 0, \"img_width should be a positive integer\"\n",
    "    assert isinstance(img_height, int) and img_height > 0, \"img_height should be a positive integer\"\n",
    "\n",
    "    # Create a RaycastingScene and add the mesh to it\n",
    "    # Assuming 'View' argument will never be 'All':\n",
    "    if recompute_normals == True:\n",
    "        mesh.vertex.normals = mesh.vertex.normals@np.transpose(rotation_matrices[0][:3,:3].astype(np.float32))\n",
    "        mesh.triangle.normals = mesh.triangle.normals@np.transpose(rotation_matrices[0][:3,:3].astype(np.float32))\n",
    "        \n",
    "    scene = o3d.t.geometry.RaycastingScene()\n",
    "    scene.add_triangles(mesh)\n",
    "\n",
    "    output_maps = []\n",
    "    labels_maps = []\n",
    "    ids_maps = []\n",
    "    vertex_maps = []\n",
    "\n",
    "    # rotation_matrices = compute_rotations(random_degs=7, view = view) Given as an argument\n",
    "    for i in range(rotation_matrices.shape[0]): # TO DO - DONE: ROTATION MATRICES IS NOT DEFINED INSIDE THIS FUNCTION\n",
    "        # Create rays using pinhole camera model\n",
    "        rays = scene.create_rays_pinhole(intmat, extmat[i], img_width, img_height)\n",
    "    \n",
    "        # Cast rays and retrieve primitive IDs, hit distances, and normals\n",
    "        cast = scene.cast_rays(rays)\n",
    "        ids_map = np.array(cast['primitive_ids'].numpy(), dtype=np.int32)\n",
    "        ids_maps.append(ids_map)\n",
    "        hit_map = np.array(cast['t_hit'].numpy(), dtype=np.float32)\n",
    "        weights_map = np.array(cast['primitive_uvs'].numpy(), dtype=np.float32)\n",
    "        missing_weight = 1 - np.sum(weights_map, axis=2, keepdims=True)\n",
    "        label_ids = np.argmax(np.concatenate((weights_map, missing_weight), axis=2), axis=2)\n",
    "        \n",
    "        # Compute the normal map\n",
    "        normal_map = np.array(mesh.triangle.normals[ids_map.clip(0)].numpy(), dtype=np.float32)\n",
    "        normal_map[ids_maps[i] == -1] = [0, 0, -1]\n",
    "        normal_map[:, :, -1] = -normal_map[:, :, -1].clip(-1, 0)\n",
    "        normal_map = normal_map * 0.5 + 0.5\n",
    "    \n",
    "        # Compute the vertex map\n",
    "        vertex_map = np.array(mesh.triangle.indices[ids_map.clip(0)].numpy(), dtype=np.int32)\n",
    "        vertex_map[ids_map == -1] = [-1]\n",
    "        vertex_maps.append(vertex_map)\n",
    "    \n",
    "        # Compute the inverse distance map\n",
    "        inverse_distance_map = 1 / hit_map\n",
    "    \n",
    "        # Compute the coded map with inverse distance\n",
    "        coded_map_inv = normal_map * inverse_distance_map[:, :, None]\n",
    "    \n",
    "        # Normalize the output map\n",
    "        output_map = (coded_map_inv - np.min(coded_map_inv)) / (np.max(coded_map_inv) - np.min(coded_map_inv))\n",
    "        output_maps.append(output_map)\n",
    "    \n",
    "        # Compute the labels map\n",
    "        labels_map = labels[vertex_map.clip(0)]\n",
    "        labels_map[vertex_map == -1] = -1\n",
    "        #labels_map = np.median(labels_map, axis=2)\n",
    "        labels_map = labels_map[np.arange(labels_map.shape[0])[:, np.newaxis], np.arange(labels_map.shape[1]), label_ids]\n",
    "        labels_map = labels_map.astype('float64')\n",
    "        labels_maps.append(labels_map)\n",
    "\n",
    "    output_maps = np.array(output_maps)\n",
    "    labels_maps = np.array(labels_maps)\n",
    "    #print('Type: ',labels_maps.dtype)\n",
    "    # ids_maps = np.array(ids_maps)\n",
    "    # vertex_maps = np.array(vertex_maps)\n",
    "    \n",
    "    return output_maps, labels_maps\n",
    "    # return output_maps, labels_maps, ids_maps, vertex_maps\n",
    "\n",
    "def create_pitch_rotation_matrix(pitch_angle):\n",
    "    \"\"\"\n",
    "    Create a rotation matrix for pitch rotation.\n",
    "\n",
    "    Parameters:\n",
    "    - pitch_angle: Angle in radians for pitch rotation.\n",
    "\n",
    "    Returns:\n",
    "    - R_pitch: Rotation matrix for pitch.\n",
    "    \"\"\"\n",
    "    R_pitch = np.array([[1, 0, 0, 0],\n",
    "                        [0, np.cos(pitch_angle), -np.sin(pitch_angle), 0],\n",
    "                        [0, np.sin(pitch_angle), np.cos(pitch_angle), 0],\n",
    "                        [0, 0, 0, 1]])\n",
    "    return R_pitch\n",
    "\n",
    "def create_yaw_rotation_matrix(yaw_angle):\n",
    "    \"\"\"\n",
    "    Create a rotation matrix for yaw rotation.\n",
    "\n",
    "    Parameters:\n",
    "    - yaw_angle: Angle in radians for yaw rotation.\n",
    "\n",
    "    Returns:\n",
    "    - R_yaw: Rotation matrix for yaw.\n",
    "    \"\"\"\n",
    "    R_yaw = np.array([[np.cos(yaw_angle), 0, np.sin(yaw_angle), 0],\n",
    "                      [0, 1, 0, 0],\n",
    "                      [-np.sin(yaw_angle), 0, np.cos(yaw_angle), 0],\n",
    "                      [0, 0, 0, 1]])\n",
    "    return R_yaw\n",
    "\n",
    "def create_roll_rotation_matrix(roll_angle):\n",
    "    \"\"\"\n",
    "    Create a rotation matrix for roll rotation.\n",
    "\n",
    "    Parameters:\n",
    "    - roll_angle: Angle in radians for roll rotation.\n",
    "\n",
    "    Returns:\n",
    "    - R_roll: Rotation matrix for roll.\n",
    "    \"\"\"\n",
    "    R_roll = np.array([[np.cos(roll_angle), -np.sin(roll_angle), 0, 0],\n",
    "                       [np.sin(roll_angle), np.cos(roll_angle), 0, 0],\n",
    "                       [0, 0, 1, 0],\n",
    "                       [0, 0, 0, 1]])\n",
    "    return R_roll\n",
    "\n",
    "def compute_rotations(random_degs=5, view = 'Random', random = False):\n",
    "    \"\"\"\n",
    "    Compute six random 3D rotation matrices for Front, Top, Bottom, Left, Back, Right views in this order\n",
    "    with randomized small rotations from -3 to +3 degrees.\n",
    "\n",
    "    Returns:\n",
    "    - rotation_matrices (list of numpy.ndarray): A list containing six 4x4\n",
    "      rotation matrices represented as NumPy arrays.\n",
    "\n",
    "    Notes:\n",
    "    - The rotation matrices are created based on random pitch and yaw angles\n",
    "      with small random variations.\n",
    "    \"\"\"\n",
    "    \n",
    "    # Initialize an empty list to store the rotation matrices\n",
    "    rotation_matrices = []\n",
    "\n",
    "    if view == 'Random_6':\n",
    "        # Select a random view from the available options\n",
    "        available_views = ['Front', 'Bottom', 'Top', 'Right', 'Back', 'Left']\n",
    "        view = np.random.choice(available_views)\n",
    "        \n",
    "    if view == 'All':\n",
    "        # Define the pitch angles (Front, Bottom, Top) and add random variations\n",
    "        pitch_angles = [0, 90, 270]\n",
    "        pitch_angles = np.deg2rad(pitch_angles + np.random.uniform(-random_degs, random_degs, len(pitch_angles)))\n",
    "        \n",
    "        # Define the yaw angles (Right, Back, Left) and add random variations\n",
    "        yaw_angles = [90, 180, 270]\n",
    "        yaw_angles = np.deg2rad(yaw_angles + np.random.uniform(-random_degs, random_degs, len(yaw_angles)))\n",
    "        \n",
    "        # Loop through each pitch angle in radians and create the rotation matrix\n",
    "        for angle in pitch_angles:\n",
    "            R_pitch = create_pitch_rotation_matrix(angle)\n",
    "            R = (R_pitch \n",
    "                 @ create_yaw_rotation_matrix(np.deg2rad(np.random.uniform(-random_degs, random_degs))) \n",
    "                 @ create_roll_rotation_matrix(np.deg2rad(np.random.uniform(-random_degs, random_degs))))\n",
    "            \n",
    "            rotation_matrices.append(R)\n",
    "            \n",
    "        # Loop through each yaw angle in radians and create the rotation matrix\n",
    "        for angle in yaw_angles:\n",
    "            R_yaw = create_yaw_rotation_matrix(angle)\n",
    "            R = (R_yaw \n",
    "                 @ create_pitch_rotation_matrix(np.deg2rad(np.random.uniform(-random_degs, random_degs))) \n",
    "                 @ create_roll_rotation_matrix(np.deg2rad(np.random.uniform(-random_degs, random_degs))))\n",
    "            rotation_matrices.append(R)\n",
    "\n",
    "    elif view == 'Front': # Set this to recompute normals on the fly\n",
    "        angle = np.deg2rad(np.random.uniform(-random_degs, random_degs))\n",
    "        R = create_pitch_rotation_matrix(angle)\n",
    "        R =  (create_pitch_rotation_matrix(angle)\n",
    "             @ create_yaw_rotation_matrix(np.deg2rad(np.random.uniform(-random_degs, random_degs))) \n",
    "             @ create_roll_rotation_matrix(np.deg2rad(np.random.uniform(-random_degs, random_degs))))\n",
    "        rotation_matrices.append(R)\n",
    "\n",
    "    elif view == 'Bottom':\n",
    "        angle = np.deg2rad(90 + np.random.uniform(-random_degs, random_degs))\n",
    "        R =  (create_pitch_rotation_matrix(angle)\n",
    "             @ create_yaw_rotation_matrix(np.deg2rad(np.random.uniform(-random_degs, random_degs))) \n",
    "             @ create_roll_rotation_matrix(np.deg2rad(np.random.uniform(-random_degs, random_degs))))\n",
    "        rotation_matrices.append(R)\n",
    "\n",
    "    elif view == 'Top':\n",
    "        angle = np.deg2rad(270 + np.random.uniform(-random_degs, random_degs))\n",
    "        R =  (create_pitch_rotation_matrix(angle)\n",
    "             @ create_yaw_rotation_matrix(np.deg2rad(np.random.uniform(-random_degs, random_degs))) \n",
    "             @ create_roll_rotation_matrix(np.deg2rad(np.random.uniform(-random_degs, random_degs))))\n",
    "        rotation_matrices.append(R)\n",
    "\n",
    "    elif view == 'Right':\n",
    "        angle = np.deg2rad(90 + np.random.uniform(-random_degs, random_degs))\n",
    "        R = (create_yaw_rotation_matrix(angle) \n",
    "             @ create_pitch_rotation_matrix(np.deg2rad(np.random.uniform(-random_degs, random_degs))) \n",
    "             @ create_roll_rotation_matrix(np.deg2rad(np.random.uniform(-random_degs, random_degs))))\n",
    "        rotation_matrices.append(R)\n",
    "\n",
    "    elif view == 'Back':\n",
    "        angle = np.deg2rad(180 + np.random.uniform(-random_degs, random_degs))\n",
    "        R = (create_yaw_rotation_matrix(angle) \n",
    "             @ create_pitch_rotation_matrix(np.deg2rad(np.random.uniform(-random_degs, random_degs))) \n",
    "             @ create_roll_rotation_matrix(np.deg2rad(np.random.uniform(-random_degs, random_degs))))\n",
    "        rotation_matrices.append(R)\n",
    "    elif view == 'Left':\n",
    "        angle = np.deg2rad(270 + np.random.uniform(-random_degs, random_degs))\n",
    "        R = (create_yaw_rotation_matrix(angle) \n",
    "             @ create_pitch_rotation_matrix(np.deg2rad(np.random.uniform(-random_degs, random_degs))) \n",
    "             @ create_roll_rotation_matrix(np.deg2rad(np.random.uniform(-random_degs, random_degs))))\n",
    "        rotation_matrices.append(R)\n",
    "        \n",
    "    elif view == 'Random':\n",
    "        R = (create_yaw_rotation_matrix(-np.pi + 2 * np.pi * np.random.rand()) \n",
    "             @ create_pitch_rotation_matrix(-np.pi + 2 * np.pi * np.random.rand()) \n",
    "             @ create_roll_rotation_matrix(-np.pi + 2 * np.pi * np.random.rand())) \n",
    "        rotation_matrices.append(R)\n",
    "    rotation_matrices = np.array(rotation_matrices)\n",
    "\n",
    "    \n",
    "    #rotation_matrices = np.transpose(rotation_matrices, (1, 2, 0))\n",
    "\n",
    "    return rotation_matrices\n",
    "\n",
    "def predict_segmentation(vertices, faces, output_maps, ids_maps_o, weights_maps_full_o, probs):\n",
    "    \"\"\"\n",
    "    Calculate Lhat based on input data.\n",
    "\n",
    "    Args:\n",
    "    vertices (numpy.ndarray): Vertices.\n",
    "    output_maps (list): List of output maps.\n",
    "    ids_maps_o (list): List of ids maps.\n",
    "    weights_maps_full_o (list): List of full weights maps.\n",
    "    probs (list): List of probabilities.\n",
    "    Returns:\n",
    "    numpy.ndarray: Lhat array.\n",
    "    \"\"\"\n",
    "    print('Agregating predicted labels...')\n",
    "    NV = len(vertices)\n",
    "    NL = 37\n",
    "    P = np.zeros([NL, NV])\n",
    "    # P[0, :] = 1e-6\n",
    "    touched = np.zeros(NV)\n",
    "\n",
    "    for ids_map, weights_map_full, prob in zip(ids_maps_o, weights_maps_full_o, probs):\n",
    "        view = prob  # Shape is 37,800,800\n",
    "        weights_map_full = weights_map_full\n",
    "\n",
    "        vert_idx = faces[ids_map]  # Shape is 800, 800, 3\n",
    "\n",
    "        for v in range(3):\n",
    "            v_map = vert_idx[:, :, v][np.newaxis, ...]  # Shape is 1, 800, 800\n",
    "            w_map = weights_map_full[:, :, v][np.newaxis, ...]\n",
    "            s_map = view\n",
    "            ws_map = s_map * w_map  # Shape is 37, 800, 800\n",
    "\n",
    "            for i in range(800):\n",
    "                for j in range(800):\n",
    "                    v_idx = v_map[0, i, j]\n",
    "                    P[:, v_idx] += ws_map[:, i, j]\n",
    "                    touched[v_idx] = 1\n",
    "\n",
    "    Lhat = np.argmax(P, axis=0)\n",
    "    Lhat -= 1\n",
    "    # P /= np.sum(P, axis=0)[np.newaxis, :]\n",
    "    print('Labels aggregated!')\n",
    "\n",
    "    return Lhat, P\n",
    "\n",
    "def compute_output_maps(mesh, img_width, img_height):\n",
    "    a = mesh.vertex.positions.cpu().numpy().copy()\n",
    "    b = mesh.vertex.normals.cpu().numpy().copy()\n",
    "    a /= np.sqrt(np.sum(a*a, axis=1))[:, np.newaxis]\n",
    "    dot = np.sum(a * b, axis=1)\n",
    "    \n",
    "    if np.mean(dot) < 0:\n",
    "        mesh.vertex.normals[:, 0] *= -1\n",
    "        mesh.triangle.normals[:, 0] *= -1\n",
    "        mesh.vertex.normals[:, 1] *= -1\n",
    "        mesh.triangle.normals[:, 1] *= -1\n",
    "        mesh.vertex.normals[:, 2] *= -1\n",
    "        mesh.triangle.normals[:, 2] *= -1\n",
    "\n",
    "    rotation_matrices = compute_rotations(view='All')\n",
    "    v_n = mesh.vertex.normals\n",
    "    t_n = mesh.triangle.normals\n",
    "    output_maps = []\n",
    "    ids_maps_o = []\n",
    "    weights_maps_full_o = []\n",
    "    extmats = []\n",
    "\n",
    "    intmat = compute_intmat(img_width, img_height)\n",
    "    extmat = compute_extmat(mesh)\n",
    "\n",
    "    scene = o3d.t.geometry.RaycastingScene()\n",
    "    scene.add_triangles(mesh)\n",
    "\n",
    "    for i, rotation_matrix in enumerate(rotation_matrices): \n",
    "        extmats.append(np.matmul(extmat, rotation_matrix))\n",
    "\n",
    "    for i in range(rotation_matrices.shape[0]): \n",
    "        mesh.vertex.normals = v_n @ np.transpose(rotation_matrices[i][:3,:3].astype(np.float32))\n",
    "        mesh.triangle.normals = t_n @ np.transpose(rotation_matrices[i][:3,:3].astype(np.float32))\n",
    "        rays = scene.create_rays_pinhole(intmat, extmats[i], img_width, img_height)\n",
    "\n",
    "        cast = scene.cast_rays(rays)\n",
    "        ids_map = np.array(cast['primitive_ids'].numpy(), dtype=np.int32)\n",
    "        ids_maps_o.append(ids_map)\n",
    "        hit_map = np.array(cast['t_hit'].numpy(), dtype=np.float32)\n",
    "        weights_map = np.array(cast['primitive_uvs'].numpy(), dtype=np.float32)\n",
    "        missing_weight = 1 - np.sum(weights_map, axis=2, keepdims=True)\n",
    "        weights_map_full = np.concatenate((weights_map, missing_weight), axis=2)\n",
    "        weights_maps_full_o.append(weights_map_full)\n",
    "        label_ids = np.argmax(np.concatenate((weights_map, missing_weight), axis=2), axis=2)\n",
    "\n",
    "        normal_map = np.array(mesh.triangle.normals[ids_map.clip(0)].numpy(), dtype=np.float32)\n",
    "        normal_map[ids_maps_o[i] == -1] = [0, 0, -1]\n",
    "        normal_map[:, :, -1] = -normal_map[:, :, -1].clip(-1, 0)\n",
    "        normal_map = normal_map * 0.5 + 0.5\n",
    "\n",
    "        vertex_map = np.array(mesh.triangle.indices[ids_map.clip(0)].numpy(), dtype=np.int32)\n",
    "        vertex_map[ids_map == -1] = [-1]\n",
    "\n",
    "        inverse_distance_map = 1 / hit_map\n",
    "        coded_map_inv = normal_map * inverse_distance_map[:, :, None]\n",
    "        output_map = (coded_map_inv - np.min(coded_map_inv)) / (np.max(coded_map_inv) - np.min(coded_map_inv))\n",
    "        output_maps.append(output_map)\n",
    "\n",
    "    return np.array(output_maps), ids_maps_o, weights_maps_full_o"
   ]
  },
  {
   "cell_type": "code",
   "execution_count": 21,
   "id": "641ab0c3-e3ce-4ec9-af42-7126618672f1",
   "metadata": {},
   "outputs": [],
   "source": [
    "mesh = create_mesh(\"Data/100206/surf/lh_aligned.surf\")\n",
    "labels = get_labels(\"Data/100206/label/lh.annot\")\n",
    "intmat = compute_intmat(1920, 1080)\n",
    "extmat = compute_extmat(mesh).reshape(1, 4, 4)\n",
    "width = 1920\n",
    "height = 1080\n",
    "R_matrices = compute_rotations(view = \"All\")\n",
    "\n",
    "# output_maps, labels_maps = generate_maps(mesh, labels, intmat, extmat, width, height, R_matrices, True)"
   ]
  },
  {
   "cell_type": "code",
   "execution_count": 22,
   "id": "08102766-54a6-46ed-a6d5-022d8fe9e98b",
   "metadata": {},
   "outputs": [
    {
     "name": "stdout",
     "output_type": "stream",
     "text": [
      "[[[ 9.94802254e-01 -5.49502187e-02  8.57260057e-02  0.00000000e+00]\n",
      "  [ 5.12159003e-02  9.97665574e-01  4.51700549e-02  0.00000000e+00]\n",
      "  [-8.80079891e-02 -4.05447379e-02  9.95294287e-01  0.00000000e+00]\n",
      "  [ 0.00000000e+00  0.00000000e+00  0.00000000e+00  1.00000000e+00]]\n",
      "\n",
      " [[ 9.99627744e-01 -2.72307813e-02  1.69063121e-03  0.00000000e+00]\n",
      "  [ 2.01869021e-04 -5.45822402e-02 -9.98509258e-01  0.00000000e+00]\n",
      "  [ 2.72824657e-02  9.98137898e-01 -5.45564246e-02  0.00000000e+00]\n",
      "  [ 0.00000000e+00  0.00000000e+00  0.00000000e+00  1.00000000e+00]]\n",
      "\n",
      " [[ 9.97752255e-01 -5.66186412e-02  3.58436399e-02  0.00000000e+00]\n",
      "  [-3.95120962e-02 -6.50604496e-02  9.97098757e-01  0.00000000e+00]\n",
      "  [-5.41223734e-02 -9.96273791e-01 -6.71513316e-02  0.00000000e+00]\n",
      "  [ 0.00000000e+00  0.00000000e+00  0.00000000e+00  1.00000000e+00]]\n",
      "\n",
      " [[ 3.89532318e-03  3.02214535e-02  9.99535637e-01  0.00000000e+00]\n",
      "  [-7.96396285e-02  9.96377719e-01 -2.98156061e-02  0.00000000e+00]\n",
      "  [-9.96816109e-01 -7.94865054e-02  6.28803855e-03  0.00000000e+00]\n",
      "  [ 0.00000000e+00  0.00000000e+00  0.00000000e+00  1.00000000e+00]]\n",
      "\n",
      " [[-9.98147736e-01 -5.35811188e-02 -2.88125218e-02  0.00000000e+00]\n",
      "  [-5.32249552e-02  9.98498054e-01 -1.29899886e-02  0.00000000e+00]\n",
      "  [ 2.94652651e-02 -1.14323825e-02 -9.99500425e-01  0.00000000e+00]\n",
      "  [ 0.00000000e+00  0.00000000e+00  0.00000000e+00  1.00000000e+00]]\n",
      "\n",
      " [[ 4.18533089e-02  6.77905515e-02 -9.96821319e-01  0.00000000e+00]\n",
      "  [-8.41690911e-02  9.94388202e-01  6.40910948e-02  0.00000000e+00]\n",
      "  [ 9.95572129e-01  8.12191200e-02  4.73243057e-02  0.00000000e+00]\n",
      "  [ 0.00000000e+00  0.00000000e+00  0.00000000e+00  1.00000000e+00]]]\n"
     ]
    }
   ],
   "source": [
    "print(R_matrices)"
   ]
  },
  {
   "cell_type": "code",
   "execution_count": 17,
   "id": "239c35cd-a678-4b5d-a510-d31d1b379b1f",
   "metadata": {},
   "outputs": [
    {
     "data": {
